      1100010001000001110011111011010101000011010100100110001100101010000100101001001010011010000111111101001110000100101
      1110110001011001011010011000011010001111011110100110110100010110010110111001010000001011100100000011001101011011110
                                                                                                                      101
                                                                                                                      011
                                                                                                                      000
000                                                                                                                   110
000                                                                                                                   100
000                                                                                                             101010100
001                 1010010                     101010                              1010010101010100101010100101110100110
100                 1010101101010101001010101010101010                              01                          101010011
110                 1010101                     101010                              10                                000
011                 1010100                     000101                              11                                101
001                    11                                                           10                                101
101                    10                                                           01                                011
101                    11                                                           10                                110
101                    01                                                           01                                010
000                    10                                                           11                                111
000                    10                                                          0101                               111
010                    10                           10101001010101010101010101010101010                               010
001                    01                           10101                          1010                               101
000                    10                           10101                                                             110
100                    11                                                                                             111
111                    01                                                                                             010
010                  1010101                                                                                          111
111                  1010101                                                                                          001
001                  1010011                                                                                          011
111                    10                                                                                             100
010                    01                                                                                             011
000                    11                                                                                             011
000                    00                                                                                             100
100                    00                                                                                             100
001                    10                                                                                             101
001                    11                                                                                             000
101                    01                                      1101001                                   .-"""-.      010
000                    01                                      1010101                           YOU    / _   _ \     010
000                    001010                                  1101011                          SHALL   ](_' `_)[     011
010                    101010                                     01                             NOT    `-. N ,-'     000
100                    10101011001010101011                       01                            PASS!     |   |       111
111                    010110            10                       11                                      `---'       010
000                                      00                       01                                          __________
000                                      10                       10                                         |  __  __  |
101                                      01                       01                                         | |  ||  | |
000                                      11                       11                                         | |__||__| |
100                                      00                    10101011                                      |()__  __  |
110                                      01101                 10101010                                      | |  ||  | |
110  HAHA HA!                             10101                10110101                                      | |__||__| |
110 YOUR INTELLIGENCE HAVE NO POWER HERE   01101               10101101                                      |__________|
0001110111110101011111101000100100101010010001011100101001000111111011011001110100101111100101010010101011010101100001111
1011011001010101000110101110001110110111000100100000010011000110010000101110110110001001100110111011111110111111011111010