0000100100000101101110001001101001110100110001001000000111111011001101111111001011010000100001011111100011000010111100110
1000010000111101001011010000101111100101000010100010010010010011011010011110101110101110010100001010010010000011110100011
110                                                                                                                   110
101                                                                                                                   111
111                                                                                                                   100
110                                                                                                                   010
000                                                                                                                   100
001                                                                                                                   000
110                                                                                                                   000
100                                                                                                                   111
001                                                                                                                   110
111                                                                                                                   101
100                                                                                                                   111
111                                                                                                                   111
100                                                                                                                   111
100                                                                                                                   111
110                                                                                                                   001
010                                                                                                                   000
011                                                                                                                   111
010                                                                                                                   101
101                                                                                                                   100
000                                                                                                                   110
000                                                                                                                   100
111                                                                                                                   101
101                                                                                                                   101
010                                                                                                                   100
010                                                                                                                   111
001                                                                                                                   101
110                                                                                                                   110
000                                                                                                                   110
111                                                                                                                   001
010                                                                                                                   001
010                                                                                                                   110
000                                                                                                                   110
100                                                                                                                   011
110                                                                                                                   110
101                                                                                                                   111
111                                                                                                                   100
110                                                                                                                   010
000                                                                                                                   100
001                                                                                                                   000
110                                                                                                                   000
100                                                                                                                   111
001                                                                                                                   110
111                                                                                                                   101
100                                                                                                                   111
111                                                                                                                   001
0101110110110001001111011111010110001100010001010110001011010111100000110010001001110001010000010100001111010110000100001
0101101011111100111010010001110110100000011100010000100010100010111011101001101111100011011111001000001010010000110111110